0.131784 0
0.00731502 1
0.0011794 2
0.0121917 3
0.00113657 4
0.0349246 5
0.0890285 6
0.0178791 7
0.0211802 8
0.000599642 9
0.0458895 10
0.00297221 11
0.0107553 12
0.00288348 13
0.00223642 14
0.00237562 15
0.0122988 16
0.0076638 17
0.0831254 18
0.00050939 19
0.00380742 20
0.0012773 21
0.000647063 22
0.0865244 23
0.0162515 24
0.000575167 25
0.0344351 26
0.00148075 27
0.0291607 28
0.000622588 29
0.0220996 30
0.110398 31
0.00537995 32
0.0128128 33
0.0340404 34
0.00163678 35
0.00297374 36
2.60049e-05 37
0.0236614 38
0.0694453 39
0.0035489 40
0.000226396 41
0.000465029 42
0.0465687 43
0.000108609 44
0.00389768 45
